60175
18539
12866
41476
56848
9488
47981
52348
54399
16729
9807
23459
10456
21804
58309
14367
39571
64171
34598
35050
13913
20557
43432
10929
2256
21103
12196
56105
61128
13958
16345
34959
63312
57105
48901
31963
4223
50873
26227
52158
43750
10092
444
24687
50109
20310
10912
50931
20345
63014
4119
47571
22393
26899
50023
9220
41610
49096
59945
38043
25292
14390
454
43423
59679
53069
65489
11967
40921
12602
42368
11899
47504
61703
25304
65071
54863
26094
60237
598
63217
41000
22662
3523
5335
12374
54345
32614
39175
20290
40739
44103
18950
43234
63968
26912
33047
16517
825
16039
1723
46544
15498
46965
43252
34478
53152
25720
54520
43463
16149
28654
28438
13253
15007
33895
6030
22530
27486
14400
40873
28466
12707
17485
55359
15514
12446
24632
8146
10450
52321
26342
17192
55226
18117
15154
52651
25335
16237
1908
53141
41696
1397
50026
15517
39317
23940
12745
16269
5999
18598
43984
29487
41215
38428
25475
45248
5667
61434
14150
46176
29422
59148
39279
62113
40778
49481
26212
44074
50371
26176
10855
14032
13242
23041
20258
3023
60978
57303
55061
64046
26349
58943
48145
49140
39888
33838
9335
46637
8909
34780
33541
28607
1323
51360
19733
33600
56825
45763
23879
57726
57964
27911
54060
22141
36263
18256
28089
13952
10657
3910
1110
60882
27744
56973
2970
44324
45117
54636
36212
53086
51009
36742
55980
48472
10592
32309
37839
63954
58230
28697
46083
61700
40438
38638
42682
1264
46620
14058
25795
53003
26568
44308
17214
31353
39113
44900
53886
36089
60676
4395
37248
8505
23894
9214
42766
121
54750
10140
31223
52467
9146
32280
16400
30497
14917
21413
11943
1880
7431
40490
16479
45133
20960
16292
51938
36702
63196
23090
52274
12790
33979
42311
47709
15758
738
41844
10947
38602
22369
49001
11920
21794
19993
36889
17049
16641
37196
16039
1958
43803
50202
26674
10209
4765
10469
61695
15489
21905
10899
24873
48749
26908
62590
19441
64401
50927
14731
26033
17218
40911
56323
45056
29829
20964
21845
9137
27609
51533
19263
35725
30989
5166
30501
40140
43888
9671
61706
31332
59715
12173
41404
41322
6409
6443
27559
7799
11875
2442
55197
61820
25352
2396
24364
46491
56555
982
59567
14680
14210
39399
38600
24397
62805
49263
38242
50264
35495
12293
15914
40141
8445
36313
30097
35373
12008
34518
62586
54542
46814
2308
51669
12042
17594
24848
30343
36184
19013
23498
56828
43538
8733
4770
57907
38542
924
49153
60360
34999
29754
45563
8508
42620
2543
6298
32066
12526
34770
15871
56795
45982
53716
33620
9786
5986
55108
60114
32753
61759
15557
48867
3248
39451
14188
5375
5544
30954
4647
8867
8287
4916
16024
4016
46783
34179
33164
44596
4497
49811
52058
8179
58878
41865
3039
26776
4074
24779
58109
31815
45165
24911
26509
57258
6649
34960
31179
5349
52821
55614
45542
6668
11923
42860
6536
16007
54838
59216
34360
46816
345
53659
50369
5794
42524
64118
24931
18423
60400
43060
59336
40271
33812
14728
3827
11311
46538
31768
41620
3675
6823
8943
47859
20805
29825
64314
14546
63546
25231
58678
43529
19784
14121
322
65490
60632
48927
28188
34705
12658
26386
38817
46136
28028
3850
38129
44992
20765
51439
52371
48002
57409
14198
54328
55830
63746
53582
52131
30684
62164
48029
48629
3726
48159
36817
36272
32461
52089
18268
46350
56936
36039
52391
35215
13743
52880
44909
32167
28535
20949
5154
2491
4366
35854
52796
58739
1862
2303
21622
11962
30286
40363
53384
7241
27020
53436
25079
12577
2369
56252
63805
21630
35769
25924
11877
10596
388
21492
41033
59877
54673
46474
49176
32472
64982
55941
13380
40290
25900
13907
65054
8849
44468
58201
21307
27246
37571
33461
13991
58896
37873
36448
41722
6926
16165
43683
56632
37079
5921
30515
60808
1549
19907
18780
24215
54113
3837
58739
10971
21112
2467
7891
4203
55582
31
28855
36062
45743
6828
28792
13027
1631
16823
2028
22340
51352
7970
59111
45836
25176
23334
37234
18663
19381
62272
63340
56455
18606
397
1638
41095
39205
12094
10596
29130
16680
16328
217
21310
36077
27202
45283
45628
18306
32103
12774
57087
25334
24318
59698
44458
24702
19341
6639
16357
58796
9463
13055
58625
5275
6360
43626
62259
24354
20420
39772
41038
19501
12209
11778
40776
39210
60350
31204
37468
5035
44203
61708
60398
47055
64989
58784
23168
620
27850
43382
21176
57609
25306
31119
13671
22839
19932
35518
13158
29621
42936
25302
46585
29009
32073
18342
17526
1812
48217
7179
44957
49135
64493
145
35940
35676
11968
35364
37751
34111
61422
17116
27706
43826
62494
26859
25199
14701
55206
51862
59504
64769
41688
5647
65040
60742
13068
44380
18754
43660
26387
54058
4760
8055
49972
62036
24573
62522
59778
34908
3271
64120
4552
24701
15074
23784
54908
59983
36411
35498
36015
31181
54690
23115
45471
42945
39792
16181
9254
11998
24730
7476
10353
60398
20156
62371
1029
54300
3402
25645
9437
5234
13255
54115
45833
18094
60080
21070
30325
62077
36711
41870
40259
64675
16506
62281
1990
20602
49118
25255
53522
61697
1101
27894
15166
48759
37336
47418
32841
63952
30853
56812
14701
55537
57021
27011
43363
6977
49185
36856
45202
22234
2335
51088
9952
55414
14297
29800
50122
11513
62551
18036
17731
22446
45188
55182
44626
65011
58548
21134
59951
27830
15170
55278
60847
57248
19892
1020
18861
16886
5155
29935
39847
14211
62507
44970
8347
25983
23605
63512
65385
4485
62055
167
28094
29916
49197
4887
17231
56631
7330
3757
44297
32676
56610
19502
43779
61277
64586
55805
43782
32250
12548
14784
39956
32367
6406
45060
8318
58757
43207
40213
18729
4681
36470
16236
26818
31885
27250
41873
54884
34909
65035
36228
53041
2116
19846
29946
23475
57081
50310
37417
8948
22625
36966
48258
16394
62334
64240
64158
31214
32670
48578
2481
1749
16558
13084
30457
20070
48581
24874
48495
53010
29529
4103
270
27886
48455
7742
46781
29166
23819
53928
48897
31368
19357
64047
6628
25802
26014
46077
32503
13578
41191
11137
23583
16642
7606
28020
19575
62013
41091
36936
13596
6635
64916
41196
19322
19538
14754
65342
14022
38863
44242
59896
55377
23681
13308
1149
37683
9447
26845
16937
59067
24334
